mount:
  origin:
    xyz: -0.010345 0.000000 0.257836
    rpy: 0 0 0
  mass: 10.384232
  inertia:
    xx: 0.115591
    xy: 0.000000095
    xz: -0.004401
    yy: 0.111701
    yz: 0.000000736
    zz: 0.058825

