cover:
  origin:
    xyz: 0.010012 0.000028 0.374478
    rpy: 0 0 0
  mass: 2.710818
  inertia:
    xx: 0.063476
    xy: 0.000002
    xz: 0.000875
    yy: 0.053105
    yz: 0.000007
    zz: 0.054092